2

30 20
211111111111111111111111111111
000100000000000010000000000001
010100111111111110000000000101
010100100000000011111111111101
010100100001111110000000000101
010100100000000101111100000101
010100111111110101000111111101
010100000000010101000000000001
010111111111110101111111111001
010000000000001100000000001001
011111111111111000011111001101
010000000000000000010001000101
010111111111111011110111111101
010100000000000000000000000001
010100111111111101110111111101
010111100000000101000000000101
010010001111110111111111111101
010110111011110000000000000101
010100010110000111000111000101
010111110111111101111101111103

40 30
2000000000000000000011100000011111111111
1111111111111111110010100000010000000001
0001000010000000010010110100001011111101
0001111011111110010010011111101010000111
0000000000000010010011000000101010000011
0111111111101010010001111100101011111100
0100000000101111100101000100101000000110
0100111111111111111001110100101001111110
0100000000000000000000000100101000000010
0111111111111111111111111100101111111010
0000000000000000000000000000100000001010
0100000000001111100000000000100000001010
0101111111111000111111111111111111111010
0111000000000000000000000000000000000010
0001000000000000011011111111110000000010
0001111111111111001110000000010111110010
0111000000000001001010110000010100010010
0101111111111001001010101111110100010010
0000000000001001001010101111111100010010
0101111111111001001010100000000000010010
0101000000000001001010101111111111110110
0101011111111111001010101000000000000000
0101010000000000000010101111111111111111
0101011111111111111110100000000000000001
0111000000000000000000100111111111111101
0001001111111111111111111100000000000101
0101000001000000000000000000000000000101
0101011111111111111111111111111111111111
0101010100000000000000000000000000000000
0111000111111111111111111111111111111113

