1

60 40
111111111111111111100001111111111111111111110011100000000000
200001010000000001001111001000000000000000011110001111111111
100000010111111111101010001111111111111111000000111000000001
111111010100000000101010000000000000000001111110100001111111
100001010110001111101010011111000111111110000010100000001001
101001010001100000101010010001000101001011111010111111111101
101001010101111011101011010001010101001010000010000010000101
101001011101001010001000110001010100000010000011110010110101
101111000101011011111001000001010101111111110010010010100101
101000000101001000000111011101010101001010010010010010110101
100000000101001001111101010101010101001010010010010010010101
111111111101001001000001110101010101001010010010010010010101
100001000001011001000001001101010101011010010010010010010101
101111011111001001011111001001010101011010010010010010010101
100001010000111001010000111001010101011010010010010010010101
101111010010001001010011000001010101011010010010010010010101
101000010010111001010010000001010101000010010010010010010101
101000010010100001010010000001010101000010010010010010111101
101000010010101101010011111111010101000010010010010010100001
101111110010101001010010000000010101111010110010010010101111
101001010010101111010010111111010100001010100010010010101000
101001010010100100010010100100010111101010100010010010101101
101001010010100100010010111111110100101010100010010010100101
101011010010100100010010000000010101101010101110010010101101
101010011010100100010011111111110101001010101000010010101001
101011001010100111010000000000000101111010101011010010101101
101000101010100001010011111111000100001010101001010010100101
101111101010100001010010000000011111001010101001010010101101
100000101010100001010111111111110001001010101001010010101001
101110101010111101010000000000010001001010101001010010101111
100011100010010101011111111111011101001010101001010010100001
111100100010010101010000000001010101001010101111010010111101
000100100010010101000000000001010111001010100000010010000101
000101111100010111011101111111010010001010111111110010000101
000101001001110001001001000000010010001010000000000010110101
000101001001010000001001000000010010001010000000000010100101
000101101011010000001001111111110010101011111111111010100101
111100001111011100001000000000000011101000000000000010100101
100000001010000100001011111111111110101000000000000010111101
111111111100000111111000000000000000001111111111111110000003